0074   5   
0310   5   
0312   5   
0363   41  
0402   66  
042    1   
0460   112 
04611  112 
04619  112 
0462   112 
0463   112 
04671  112 
04672  112 
04679  112 
0468   112 
0469   112 
0522   157 
05310  168 
05311  168 
05312  168 
05313  168 
05314  157 
05319  168 
05474  157 
07022  55  
07023  55  
07032  55  
07033  55  
07044  54  
07054  54  
0785   5   
07953  1   
0993   83  
1124   5   
1125   5   
11284  5   
1173   5   
1175   5   
1177   5   
118    5   
1300   5   
1304   5   
1308   5   
1361   83  
1363   5   
1510   18  
1511   18  
1512   18  
1513   18  
1514   18  
1515   18  
1516   18  
1518   18  
1519   18  
1520   19  
1521   19  
1522   19  
1523   19  
1528   19  
1529   19  
1550   17  
1551   17  
1552   17  
1560   19  
1561   19  
1562   19  
1568   19  
1569   19  
1570   18  
1571   18  
1572   18  
1573   18  
1574   18  
1578   18  
1579   18  
1580   19  
1588   19  
1589   19  
1620   18  
1622   18  
1623   18  
1624   18  
1625   18  
1628   18  
1629   18  
1630   18  
1631   18  
1638   18  
1639   18  
1700   19  
1701   19  
1702   19  
1703   19  
1704   19  
1705   19  
1706   19  
1707   19  
1708   19  
1709   19  
1710   19  
1712   19  
1713   19  
1714   19  
1715   16  
1716   19  
1717   19  
1718   19  
1719   19  
1740   19  
1741   19  
1742   19  
1743   19  
1744   19  
1745   19  
1746   19  
1748   19  
1749   19  
1750   19  
1759   19  
1760   18  
1761   18  
1762   18  
1763   18  
1764   18  
1765   18  
1768   18  
1769   18  
1890   18  
1891   18  
193    19  
1940   19  
1941   19  
1945   19  
1946   19  
1948   19  
1949   19  
1960   19  
1961   19  
1962   19  
1963   19  
1965   19  
1966   19  
1968   19  
1969   19  
1970   17  
1971   17  
1972   17  
1973   17  
1974   18  
1975   18  
1976   18  
1977   17  
1978   18  
1980   17  
1981   18  
1982   18  
1983   17  
1984   17  
1985   17  
1986   18  
1987   17  
19881  18  
19882  18  
19889  18  
1990   18  
20210  18  
20211  18  
20212  18  
20213  18  
20214  18  
20215  18  
20216  18  
20217  18  
20218  18  
20220  18  
20221  18  
20222  18  
20223  18  
20224  18  
20225  18  
20226  18  
20227  18  
20228  18  
20260  18  
20261  18  
20262  18  
20263  18  
20264  18  
20265  18  
20266  18  
20267  18  
20268  18  
20300  16  
20301  16  
20302  16  
20310  16  
20311  16  
20312  16  
20380  16  
20381  16  
20382  16  
20510  15  
20511  15  
20512  15  
20520  18  
20521  18  
20522  18  
20530  18  
20531  18  
20532  18  
20580  18  
20581  18  
20582  18  
20590  18  
20591  18  
20592  18  
20610  18  
20611  18  
20612  18  
20620  18  
20621  18  
20622  18  
20680  18  
20681  18  
20682  18  
20690  18  
20691  18  
20692  18  
20710  18  
20711  18  
20712  18  
20720  18  
20721  18  
20722  18  
20780  18  
20781  18  
20782  18  
20900  19  
20901  19  
20902  19  
20903  19  
20910  19  
20911  19  
20912  19  
20913  19  
20914  19  
20915  19  
20916  19  
20917  19  
20920  19  
20921  19  
20922  19  
20923  19  
20924  19  
20925  19  
20926  19  
20927  19  
20929  19  
20930  19  
20931  19  
20932  19  
20933  19  
20934  19  
20935  19  
20936  19  
20970  18  
20971  19  
20972  17  
20973  17  
20974  18  
20975  18  
20979  18  
2386   16  
23872  96  
23873  96  
23874  16  
23875  96  
23876  96  
2400   42  
2409   42  
2410   42  
2411   42  
2419   42  
24200  42  
24201  42  
24210  42  
24211  42  
24220  42  
24221  42  
24230  42  
24231  42  
24240  42  
24241  42  
24280  42  
24281  42  
24290  42  
24291  42  
243    42  
2440   42  
2441   42  
2442   42  
2443   42  
2448   42  
2449   42  
2450   42  
2451   42  
2452   42  
2453   42  
2454   42  
2458   42  
2459   42  
2460   42  
2461   42  
2462   42  
2463   42  
2468   42  
2469   42  
24900  31  
24901  31  
24910  30  
24911  30  
24920  30  
24921  30  
24930  30  
24931  30  
24940  30  
24941  30  
24950  30  
24951  30  
24960  30  
24961  30  
24970  30  
24971  30  
24980  30  
24981  30  
24990  30  
24991  30  
25000  31  
25001  31  
25002  31  
25003  31  
25010  30  
25011  30  
25012  30  
25013  30  
25020  30  
25021  30  
25022  30  
25023  30  
25030  30  
25031  30  
25032  30  
25033  30  
25040  30  
25041  30  
25042  30  
25043  30  
25050  30  
25051  30  
25052  30  
25053  30  
25060  30  
25061  30  
25062  30  
25063  30  
25070  30  
25071  30  
25072  30  
25073  30  
25080  30  
25081  30  
25082  30  
25083  30  
25090  30  
25091  30  
25092  30  
25093  30  
2514   66  
2515   66  
2518   66  
2519   66  
25200  41  
25201  41  
25202  41  
25208  41  
2521   41  
2528   41  
2529   41  
2530   41  
2531   41  
2532   41  
2533   41  
2534   41  
2535   41  
2536   41  
2537   41  
2538   41  
2539   41  
2540   41  
2541   41  
2548   41  
2549   41  
2550   41  
25510  41  
25511  41  
25512  41  
25513  41  
25514  41  
2552   41  
2553   41  
25541  41  
25542  41  
2555   41  
2556   41  
2558   41  
2559   41  
25801  41  
25802  41  
25803  41  
2581   41  
2588   41  
2589   41  
2592   19  
2680   87  
2682   87  
2700   41  
2701   41  
2702   41  
2703   41  
2704   41  
2705   41  
2706   41  
2707   41  
2708   41  
2709   41  
2710   41  
2711   41  
2714   41  
2718   41  
2719   41  
2720   45  
2721   45  
2722   45  
2723   45  
2724   45  
2725   45  
2727   41  
2728   45  
2729   45  
2734   40  
27501  41  
27503  41  
27509  41  
2751   41  
2753   41  
27700  225 
27701  225 
27702  225 
27703  225 
27709  225 
2771   41  
2772   41  
2775   41  
2776   40  
27781  41  
27782  41  
27783  41  
27784  41  
27785  41  
27786  41  
27787  41  
27789  41  
27801  43  
27803  43  
27900  97  
27901  97  
27902  97  
27903  97  
27904  97  
27905  97  
27906  97  
27909  97  
27910  97  
27911  97  
27912  97  
27913  97  
27919  97  
2792   97  
2793   97  
27941  97  
27949  97  
27950  396 
27951  396 
27952  396 
27953  396 
2798   97  
2799   97  
28241  98  
28242  98  
28243  98  
28244  98  
28247  98  
28260  98  
28261  95  
28262  95  
28263  98  
28264  98  
28268  98  
28269  98  
2830   98  
28310  98  
28311  98  
28319  98  
2832   98  
2839   98  
28401  98  
28409  98  
2842   98  
28481  98  
28489  98  
2849   98  
2850   98  
28952  98  
28981  98  
28982  98  
28983  96  
2900   112 
29010  112 
29011  112 
29012  112 
29013  112 
29013  134  D
29020  112 
29021  112 
29021  134  D
2903   112 
29040  112 
29041  112 
29042  112 
29043  112 
29043  134  D
2908   112 
2909   112 
2940   112 
29410  112 
29411  112 
29420  112 
29421  112 
2948   112 
2949   112 
29500  130 
29501  130 
29502  130 
29503  130 
29504  130 
29505  130 
29510  130 
29511  130 
29512  130 
29513  130 
29514  130 
29515  130 
29520  130 
29521  130 
29522  130 
29523  130 
29524  130 
29525  130 
29530  130 
29531  130 
29532  130 
29533  130 
29534  130 
29535  130 
29540  130 
29541  130 
29542  130 
29543  130 
29544  130 
29545  130 
29550  130 
29551  130 
29552  130 
29553  130 
29554  130 
29555  130 
29560  130 
29561  130 
29562  130 
29563  130 
29564  130 
29565  130 
29570  130 
29571  130 
29572  130 
29573  130 
29574  130 
29575  130 
29580  130 
29581  130 
29582  130 
29583  130 
29584  130 
29585  130 
29590  130 
29591  130 
29592  130 
29593  130 
29594  130 
29595  130 
29600  131 
29601  131 
29602  131 
29603  131 
29604  131 
29605  131 
29606  131 
29610  131 
29611  131 
29612  131 
29613  131 
29614  131 
29615  131 
29616  131 
29620  132 
29621  132 
29622  132 
29623  132 
29624  132 
29625  132 
29626  132 
29630  132 
29631  132 
29632  132 
29633  132 
29634  132 
29635  132 
29636  132 
29640  131 
29641  131 
29642  131 
29643  131 
29644  131 
29645  131 
29646  131 
29650  131 
29651  131 
29652  131 
29653  131 
29654  131 
29655  131 
29656  131 
29660  131 
29661  131 
29662  131 
29663  131 
29664  131 
29665  131 
29666  131 
2967   131 
29680  131 
29681  131 
29682  131 
29689  131 
29690  131 
29699  131 
29900  145 
29901  145 
29910  145 
29911  145 
29980  145 
29981  145 
29990  145 
29991  145 
30001  135 
30002  135 
30010  135 
30011  135 
30012  133 
30013  133 
30014  133 
30015  133 
30016  135 
30019  135 
30020  135 
30021  135 
30022  135 
30023  135 
30029  135 
3003   133 
3004   134 
3006   133 
3007   135 
30081  135 
30082  135 
30089  135 
30110  134 
30111  134 
30112  134 
30113  134 
3013   133 
3014   133 
30183  133 
3071   133 
30723  133 
3073   133 
30751  133 
3091   134 
30981  133 
311    134 
31200  133 
31201  133 
31202  133 
31203  133 
31210  133 
31211  133 
31212  133 
31213  133 
31220  133 
31221  133 
31222  133 
31223  133 
31230  133 
31231  133 
31232  133 
31233  133 
31234  133 
31235  133 
31239  133 
3124   133 
31281  133 
31282  133 
31289  133 
3129   133 
31381  133 
31400  133 
31401  133 
3141   133 
3142   133 
3148   133 
3149   133 
317    148 
3180   147 
3181   146 
3182   146 
319    148 
3210   5   
32302  157 
32342  157 
32352  157 
32363  157 
32372  157 
32382  157 
3300   112 
3301   112 
3302   112 
3303   112 
3308   112 
3309   112 
3310   111 
33111  112 
33119  112 
3312   112 
3316   112 
3317   112 
33181  112 
33182  112 
33189  112 
3319   112 
3320   161 
3321   161 
3334   161 
3350   157 
33510  157 
33511  157 
33519  157 
33520  156 
33521  156 
33522  156 
33523  156 
33524  156 
33529  156 
3358   157 
3359   157 
3360   157 
3361   157 
3362   157 
3363   157 
3368   157 
3369   157 
340    160 
3410   160 
3411   160 
34120  157 
34121  157 
34122  157 
34210  207 
34211  207 
34212  207 
34460  157 
34461  157 
34500  164 
34501  163 
34510  164 
34511  163 
3452   164 
3453   164 
34540  164 
34541  163 
34550  164 
34551  163 
34560  164 
34561  163 
34570  164 
34571  163 
34580  164 
34581  163 
34590  164 
34591  163 
34600  166 
34601  166 
34602  166 
34603  166 
34610  166 
34611  166 
34612  166 
34613  166 
34620  166 
34621  166 
34622  166 
34623  166 
34630  166 
34631  166 
34632  166 
34633  166 
34640  166 
34641  166 
34642  166 
34643  166 
34650  166 
34651  166 
34652  166 
34653  166 
34660  166 
34661  166 
34662  166 
34663  166 
34670  166 
34671  166 
34672  166 
34673  166 
34680  166 
34681  166 
34682  166 
34683  166 
34690  166 
34691  166 
34692  166 
34693  166 
34700  355 
34701  355 
34710  355 
34711  355 
3501   168 
3502   168 
3508   168 
3509   168 
3570   159 
3571   159 
3572   30  
3573   159 
3574   159 
3575   159 
3576   159 
3577   159 
35781  159 
35782  159 
35789  159 
3579   159 
35800  156 
35801  156 
3581   156 
3582   156 
35830  156 
35831  156 
35839  156 
3588   156 
3589   156 
36201  30   D
36201  241 
36202  30   D
36202  241 
36203  30   D
36203  241 
36204  30   D
36204  241 
36205  30   D
36205  241 
36206  30   D
36206  241 
36207  30   D
36207  241 
36510  243 
36511  243 
36512  243 
36513  243 
36514  243 
36515  243 
36641  30  
39891  186 
4010   187 
4011   187 
4019   187 
40200  187 
40201  186 
40210  187 
40211  186 
40290  187 
40291  186 
40300  187 
40301  187  D
40301  262 
40310  187 
40311  187  D
40311  262 
40390  187 
40391  187  D
40391  262 
40400  187 
40401  186 
40402  187  D
40402  262 
40403  186  D
40403  262 
40410  187 
40411  186 
40412  187  D
40412  262 
40413  186  D
40413  262 
40490  187 
40491  186 
40492  187  D
40492  262 
40493  186  D
40493  262 
40501  187 
40509  187 
40511  187 
40519  187 
40591  187 
40599  187 
41000  188 
41001  188 
41002  188 
41010  188 
41011  188 
41012  188 
41020  188 
41021  188 
41022  188 
41030  188 
41031  188 
41032  188 
41040  188 
41041  188 
41042  188 
41050  188 
41051  188 
41052  188 
41060  188 
41061  188 
41062  188 
41070  188 
41071  188 
41072  188 
41080  188 
41081  188 
41082  188 
41090  188 
41091  188 
41092  188 
4110   188 
4111   188 
41181  188 
41189  188 
412    188 
4130   188 
4131   188 
4139   188 
41400  188 
41401  188 
41402  188 
41403  188 
41404  188 
41405  188 
41406  188 
41407  188 
41410  188 
41411  188 
41412  188 
41419  188 
4142   188 
4143   188 
4144   188 
4148   188 
4149   188 
4150   186 
41511  215 
41512  215 
41513  215 
41519  215 
4160   185 
4161   186 
4162   215 
4168   186 
4169   186 
4170   186 
4171   186 
4178   186 
4179   186 
4250   186 
42511  186 
42518  186 
4252   186 
4253   186 
4254   186 
4255   186 
4257   186 
4258   186 
4259   186 
4270   193 
4272   193 
42731  193 
42732  193 
4280   186 
4281   186 
42820  186 
42821  186 
42822  186 
42823  186 
42830  186 
42831  186 
42832  186 
42833  186 
42840  186 
42841  186 
42842  186 
42843  186 
4289   186 
4290   186 
4291   186 
4295   188 
4296   188 
43300  206 
43301  206 
43310  206 
43311  206 
43320  206 
43321  206 
43330  206 
43331  206 
43380  206 
43381  206 
43390  206 
43391  206 
43400  206 
43401  206 
43410  206 
43411  206 
43490  206 
43491  206 
4350   206 
4351   206 
4352   206 
4353   206 
4358   206 
4359   206 
436    206 
4370   206 
4371   206 
4372   187 
4374   206 
4375   206 
4376   206 
4378   206 
4379   206 
4400   216 
4401   216 
44020  216 
44021  216 
44022  216 
44029  216 
44030  216 
44031  216 
44032  216 
4404   216 
4431   216 
44381  216 
44382  216 
44389  216 
4439   216 
4460   84  
4461   84  
44620  84  
44621  84  
44629  84  
4463   84  
4464   84  
4465   84  
4466   84  
4467   84  
45111  215 
45119  215 
45181  215 
45183  215 
4530   215 
4532   215 
4533   215 
45340  215 
45341  215 
45342  215 
45350  215 
45351  215 
45352  215 
45372  215 
45374  215 
45375  215 
45376  215 
45377  215 
45382  215 
45384  215 
45385  215 
45386  215 
45387  215 
4841   5   
4846   5   
4910   226 
4911   226 
49120  226 
49121  226 
49122  226 
4918   226 
4919   226 
4920   226 
4928   226 
49300  226 
49301  226 
49302  226 
49310  226 
49311  226 
49312  226 
49320  226 
49321  226 
49322  226 
49381  226 
49382  226 
49390  226 
49391  226 
49392  226 
4940   227 
4941   227 
496    226 
5080   227 
5081   227 
5082   227 
5088   227 
5089   227 
515    227 
5160   227 
5161   227 
5162   227 
51630  227 
51631  227 
51632  227 
51633  227 
51634  227 
51635  227 
51636  227 
51637  227 
5164   227 
5165   227 
51661  227 
51662  227 
51663  227 
51664  227 
51669  227 
5168   227 
5169   227 
5171   227 
5172   82  
5172   227  D
5173   98  
5178   227 
5181   226 
5182   226 
5186   227 
5300   68  
53010  68  
53011  68  
53012  68  
53013  68  
53019  68  
5303   68  
5304   68  
5305   68  
5306   68  
53081  68  
53083  68  
53084  68  
53085  68  
53089  68  
5309   68  
5550   67  
5551   67  
5552   67  
5559   67  
5560   67  
5561   67  
5562   67  
5563   67  
5564   67  
5565   67  
5566   67  
5568   67  
5569   67  
5771   65  
5772   66  
5778   66  
5779   66  
5790   66  
5791   66  
5792   66  
5793   66  
5794   66  
5798   66  
5799   66  
5854   263 
5855   262 
5856   261 
5880   87  
5881   41  
58881  41  
6944   314 
6960   82  
6961   316 
6962   316 
70710  311 
70711  311 
70712  311 
70713  311 
70714  311 
70715  311 
70719  311 
7078   311 
7079   311 
7100   84  
7101   82  
7102   84  
7103   84  
7104   84  
7105   84  
7108   84  
7109   84  
71110  83  
71111  83  
71112  83  
71113  83  
71114  83  
71115  83  
71116  83  
71117  83  
71118  83  
71119  83  
71120  83  
71121  83  
71122  83  
71123  83  
71124  83  
71125  83  
71126  83  
71127  83  
71128  83  
71129  83  
7140   83  
7141   83  
7142   83  
71430  83  
71431  83  
71432  83  
71433  83  
7144   83  
71481  83  
71489  83  
7149   83  
7200   84  
7201   84  
7202   84  
72081  84  
72089  84  
7209   84  
73300  87  
73301  87  
73302  87  
73303  87  
73309  87  
73310  87  
73311  87  
73312  87  
73313  87  
73314  87  
73315  87  
73316  87  
73319  87  
73340  80  
73341  80  
73342  80  
73343  80  
73344  80  
73345  80  
73349  80  
7400   157 
7401   157 
7402   157 
74100  157 
74101  157 
74102  157 
74103  157 
74190  157 
74191  157 
74192  157 
74193  157 
7420   157 
7421   157 
7422   157 
7423   157 
7424   157 
74251  157 
74253  157 
74259  157 
7428   157 
7429   157 
74685  188 
75683  84  
7581   148 
7582   148 
75831  148 
75832  148 
75833  148 
75839  148 
7585   148 
7595   19  
7596   19  
75981  148 
75982  84  
75983  148 
78031  165 
78032  165 
78033  165 
78039  165 
99656  261 
99668  261 
99673  261 
99681  260 
99682  396 
99683  396 
99684  395 
99685  396 
99686  397 
99687  396 
99688  396 
99702  206 
V08    1   
V420   260 
V421   396 
V426   395 
V427   396 
V4281  396 
V4282  396 
V4283  397 
V4284  396 
V4511  261 
V4512  261 
V560   261 
V561   261 
V562   261 
V5631  261 
V5632  261 
V568   261 
V5867  31  
V8541  43  
V8542  43  
V8543  43  
V8544  43  
V8545  43  
